#Sat Apr 23 13:29:41 AEST 2022
lastUpdated=1650684581600
weight=54.19999999999996
hunger=99.9367972222225
energy=80.45041111111246
