#Sat Apr 23 05:15:30 AEST 2022
lastUpdated=1650654930891
weight=50.599999999999994
hunger=79.8513861111153
energy=65.85138611111536
