#Sat Apr 23 05:20:57 AEST 2022
lastUpdated=1650655257155
weight=51.19999999999999
hunger=99.93013888888947
energy=81.90720277777868
