#Fri Apr 22 21:53:58 AEST 2022
lastUpdated=1650628438226
weight=50.730000000000004
hunger=108.59211111111118
energy=50
